2.0000000000 255.0000000000
2.2113221561 470.8998989369
2.3500586742 686.7998570257
2.4524770467 902.6998376074
2.5365174321 1118.5998245940
2.6095972354 1334.4998132400
2.6739020300 1550.3998039662
2.7297318560 1766.2997985361
2.7773877297 1982.1997979872
2.8180062615 2198.0998018167
2.8536803322 2413.9998080078
2.8871405362 2629.8998135589
2.9212152978 2845.7998152534
2.9582369178 3061.6998104641
2.9995160452 3277.5997978480
3.0449679081 3493.4997778298
3.0929398110 3709.3997528197
3.1402606271 3925.2997271412
3.1825090182 4141.1997066791
3.2144776153 4357.0996982777
3.2307951215 4572.9997089407
3.2266569733 4788.8997448961
3.1986075457 5004.7998105995
3.1453126308 5220.6999077547
3.0682597833 5436.6000344290
2.9723258355 5652.5001843425
2.8661551593 5868.4003463994
2.7622988219 6084.3005045261
2.6770733616 6300.2006378665
2.6301082356 6516.1007213730
2.6435627716 6732.0007268160
2.7410064316 6947.9006242200
2.9459700724 7163.8003837140
3.2801904080 7379.6999777681
3.7615847500 7595.5993837691
4.4020080595 7811.4985868668
5.2048591049 8027.3975830074
6.1626168125 8243.2963820508
7.2544014382 8459.1950108506
8.4436677144 8675.0935161626
9.6761483447 8890.9919672311
10.8781758684 9106.8904578917
11.9555187118 9322.7891080194
12.7928729121 9538.6880641429
13.2541542614 9754.5874990433
13.1837362069 9970.4876101554
12.4087764655 10186.3886165891
10.7427697127 10402.2907546017
7.9904545860 10618.1942713579
3.9541903510 10834.0994168348
-1.5580983855 11050.0064337472
-8.7233318242 11265.9155453998
-17.6919888045 11481.8269414005
-28.5751039360 11697.7407612136
-41.4295636166 11913.6570755713
-56.2417579259 12129.5758658191
-72.9096925136 12345.4970013281
-91.2237177165 12561.4202151725
-110.8460915338 12777.3450783494
-131.2896590217 12993.2709728972
-151.8960034338 13209.1970643633
-171.8135042890 13425.1222741704
-189.9758247851 13641.0452525428
-205.0814458625 13856.9643527701
-215.5749670353 14072.8776077195
-219.6310051261 14288.7827096431
-215.1416415378 14504.6769944803
-199.7084969508 14720.5574320156
-170.6406496202 14936.4206234234
-124.9597600447 15152.2628079183
-59.4139209556 15368.0798804232
29.4980823776 15583.8674223781
145.4902403574 15799.6207480333
292.4384680174 16015.3349688047
474.3131896856 16231.0050785172
695.0929060573 16446.6260626243
958.6560708935 16662.1930347671
1268.6483735529 16877.7014043271
1628.3222807601 17093.1470789290
2040.3454361436 17308.5267061767
2506.5742488525 17523.8379592318
3027.7887227196 17739.0798712049
3603.3842846964 17954.2532236902
4231.0160653643 18169.3609951629
4906.1907649616 18384.4088753565
5621.8009052623 18599.4058521589
6367.5959205467 18814.3648779972
7129.5841795183 19029.3036231405
7889.3596540831 19244.2453238170
8623.3465601411 19459.2197335342
9301.9548896527 19674.2641865023
9888.6393319847 19889.4247825855
10338.8536456122 20104.7577037580
10598.8920883863 20320.3306726082
10604.6090455079 20536.2245640233
10280.0075087738 20752.5351817968
9535.6865583324 20969.3752125301
8267.1374788126 21186.8763698523
6352.8776049926 21405.1917426572
3652.4104378904 21624.4983617476
3.9999999999 21845.0000000000
