2.0000000000 255.0000000000
2.0200000000 270.7954087776
2.0400000000 287.4469250153
2.0600000000 304.9935295993
2.0800000000 323.4756272504
2.1000000000 342.9350855229
2.1200000000 363.4152745141
2.1400000000 384.9611072910
2.1600000000 407.6190810392
2.1800000000 431.4373189429
2.2000000000 456.4656128000
2.2200000000 482.7554663806
2.2400000000 510.3601395344
2.2600000000 539.3346930535
2.2800000000 569.7360342979
2.3000000000 601.6229635887
2.3200000000 635.0562213772
2.3400000000 670.0985361946
2.3600000000 706.8146733903
2.3800000000 745.2714846642
2.4000000000 785.5379584000
2.4200000000 827.6852708058
2.4400000000 871.7868378681
2.4600000000 917.9183681268
2.4800000000 966.1579162760
2.5000000000 1016.5859375982
2.5200000000 1069.2853432385
2.5400000000 1124.3415563242
2.5600000000 1181.8425689374
2.5800000000 1241.8789999458
2.6000000000 1304.5441537000
2.6200000000 1369.9340796016
2.6400000000 1438.1476325500
2.6600000000 1509.2865342741
2.6800000000 1583.4554355549
2.7000000000 1660.7619793458
2.7200000000 1741.3168647974
2.7400000000 1825.2339121920
2.7600000000 1912.6301287960
2.7800000000 2003.6257756352
2.8000000000 2098.3444352000
2.8200000000 2196.9130800874
2.8400000000 2299.4621425853
2.8600000000 2406.1255852061
2.8800000000 2517.0409721767
2.9000000000 2632.3495418894
2.9200000000 2752.1962803225
2.9400000000 2876.7299954355
2.9600000000 3006.1033925458
2.9800000000 3140.4731506933
3.0000000000 3280.0000000000
3.0200000000 3424.8488000292
3.0400000000 3575.1886191536
3.0600000000 3731.1928149354
3.0800000000 3893.0391155287
3.1000000000 4060.9097021063
3.1200000000 4234.9912923215
3.1400000000 4415.4752248081
3.1600000000 4602.5575447275
3.1800000000 4796.4390903674
3.2000000000 4997.3255808000
3.2200000000 5205.4277046052
3.2400000000 5420.9612096658
3.2600000000 5644.1469940409
3.2800000000 5875.2111979243
3.3000000000 6114.3852966934
3.3200000000 6361.9061950567
3.3400000000 6618.0163223042
3.3600000000 6882.9637286695
3.3800000000 7157.0021828083
3.4000000000 7440.3912704000
3.4200000000 7733.3964938799
3.4400000000 8036.2893733073
3.4600000000 8349.3475483767
3.4800000000 8672.8548815776
3.5000000000 9007.1015625109
3.5200000000 9352.3842133664
3.5400000000 9709.0059955701
3.5600000000 10077.2767176055
3.5800000000 10457.5129440167
3.6000000000 10850.0381056000
3.6200000000 11255.1826107886
3.6400000000 11673.2839582401
3.6600000000 12104.6868506290
3.6800000000 12549.7433096549
3.7000000000 13008.8127922696
3.7200000000 13482.2623081316
3.7400000000 13970.4665382934
3.7600000000 14473.8079551279
3.7800000000 14992.6769435016
3.8000000000 15527.4719231999
3.8200000000 16078.5994726107
3.8400000000 16646.4744536742
3.8600000000 17231.5201381039
3.8800000000 17834.1683348858
3.9000000000 18454.8595190625
3.9200000000 19094.0429618084
3.9400000000 19752.1768618018
3.9600000000 20429.7284779019
3.9800000000 21127.1742631352
4.0000000000 21844.9999999999
