1 3047.81
2 2985.66
3 2910.01
4 2827.75
5 2733.06
6 2651.05
7 2592.01
8 2502.07
9 2424.14
10 2336.45
11 2246.36
12 2155.7
13 2082.25
14 2019.89
15 1959.86
16 1903.63
17 1836.48
18 1778.68
19 1741.18
20 1697.59
21 1647.83
22 1599.41
23 1552.64
24 1514.28
25 1501.13
26 1486.4
27 1484.48
28 1461.03
29 1452.54
30 1432.73
31 1403.49
32 1392.79
33 1372.74
34 1361.14
35 1357.8
36 1343.69
37 1313.12
38 1298.23
39 1268.16
40 1258.95
41 1233.48
42 1220.33
43 1206.52
44 1183.16
45 1173.5
46 1162.1
47 1152.58
48 1143.13
49 1135.28
50 1120.98
51 1108.83
52 1101.15
53 1094.24
54 1083.23
55 1079.13
56 1069.01
57 1064.74
58 1049.33
59 1038.59
60 1018.82
61 1008.47
62 1001.79
63 992.019
64 984.757
65 974.141
66 953.228
67 946.068
68 947.364
69 936.927
70 930.121
71 922.797
72 911.717
73 903.992
74 895.015
75 877.882
76 867.603
77 858.577
78 850.626
79 852.832
80 844.139
81 842.941
82 836.424
83 835.377
84 830.973
85 832.291
86 826.614
87 817.605
88 810.434
89 795.072
90 792.713
91 784.397
92 777.838
93 770.019
94 764.624
95 758.135
96 749.962
97 743.414
98 734.088
99 722.441
100 715.905
101 712.311
102 705.788
103 699.085
104 695.21
105 683.051
106 676.397
107 670.431
108 664.128
109 657.599
110 650.459
111 640.014
112 628.185
113 617.136
114 609.577
115 603.064
116 597.321
117 593.175
118 587.231
119 581.753
120 577.242
121 564.622
122 560.263
123 556.536
124 550.269
125 543.347
126 536.211
127 540.775
128 535.264
129 532.4
130 526.24
131 521.418
132 516.435
133 511.402
134 510.02
135 505.332
136 499.779
137 494.614
138 489.803
139 484.605
140 480.975
141 476.639
142 475.11
143 470.643
144 467
145 463.061
146 462.453
147 458.996
148 454.24
149 449.902
150 445.923
151 442.288
152 439.965
153 435.971
154 432.127
155 426.066
156 420.873
157 417.887
158 414.435
159 412.496
160 408.189
161 405.467
162 401.564
163 395.868
164 392.639
165 389.384
166 386.127
167 382.536
168 378.628
169 375.122
170 371.611
171 366.209
172 363.671
173 362.07
174 358.59
175 355.313
176 352.057
177 348.757
178 346.182
179 343.88
180 341.215
181 339.844
182 337.123
183 334.612
184 333.524
185 330.71
186 328.152
187 325.664
188 324.685
189 321.814
190 318.937
191 317.103
192 314.015
193 311.36
194 308.581
195 307.478
196 304.763
197 302.165
198 299.424
199 296.842
200 294.384
201 290.719
202 288.073
203 285.133
204 282.734
205 280.616
206 279.072
207 276.527
208 274.166
209 271.61
210 269.016
211 268.035
212 266.109
213 263.856
214 261.363
215 258.911
216 256.994
217 254.595
218 252.227
219 249.794
220 248.443
221 246.484
222 244.391
223 242.346
224 240.239
225 238.437
226 235.907
227 234.248
228 232.017
229 229.839
230 227.71
231 225.126
232 223.056
233 221.42
234 219.195
235 217.186
236 214.801
237 212.915
238 214.926
239 212.723
240 210.868
241 208.959
242 206.771
243 204.992
244 203.104
245 202.686
246 200.776
247 198.8
248 197.058
249 195.224
250 193.357
251 191.57
252 189.818
253 189.995
254 188.105
255 186.286
256 184.75
257 182.981
258 181.232
259 178.748
260 177.356
261 175.672
262 173.867
263 172.193
264 170.51
265 170.312
266 168.594
267 167.067
268 165.509
269 164.049
270 162.447
271 161.278
272 159.128
273 157.756
274 156.372
275 154.929
276 153.883
277 152.503
278 151.123
279 149.639
280 148.256
281 146.92
282 145.534
283 144.191
284 142.822
285 141.442
286 140.072
287 138.307
288 137.113
289 135.912
290 134.723
291 133.626
292 132.359
293 131.117
294 129.924
295 128.661
296 128.985
297 127.826
298 126.675
299 125.356
300 124.199
301 122.982
302 122.596
303 121.527
304 120.457
305 119.468
306 118.021
307 116.744
308 115.663
309 114.846
310 113.804
311 113.39
312 112.305
313 111.587
314 110.406
315 109.424
316 108.403
317 108.054
318 107.578
319 106.526
320 105.647
321 104.668
322 103.76
323 102.773
324 102.27
325 101.324
326 100.447
327 99.4684
328 98.5924
329 97.6219
330 96.6641
331 95.6543
332 94.6807
333 93.4595
334 92.5237
335 91.9814
336 91.0091
337 90.0627
338 89.1113
339 88.185
340 87.2782
341 86.3633
342 85.5159
343 84.6067
344 83.7209
345 82.8437
346 82.0283
347 81.1647
348 80.2618
349 79.3764
350 78.6009
351 77.761
352 76.9304
353 76.1555
354 75.3211
355 74.4576
356 73.661
357 72.8158
358 72.0289
359 71.2081
360 70.5058
361 69.7476
362 68.9952
363 68.2381
364 67.5908
365 66.9721
366 66.247
367 65.524
368 64.7999
369 63.9832
370 63.2973
371 62.5646
372 61.8518
373 61.1715
374 60.4799
375 59.8165
376 59.1633
377 58.5299
378 58.9516
379 58.3347
380 57.6837
381 57.0847
382 56.4823
383 55.8785
384 55.253
385 54.6941
386 54.1719
387 53.5846
388 53.0302
389 52.4796
390 51.9391
391 51.3729
392 50.8262
393 50.2778
394 49.7306
395 49.1749
396 48.6111
397 48.0553
398 47.5319
399 47.0119
400 46.5082
401 45.9975
402 45.4778
403 44.9891
404 44.4745
405 44.1448
406 43.6329
407 43.1277
408 42.6268
409 42.135
410 41.5881
411 41.1062
412 40.6299
413 40.1681
414 39.6858
415 39.2227
416 38.8079
417 38.3476
418 38.9821
419 38.5474
420 38.0649
421 37.646
422 38.0948
423 37.5957
424 37.1757
425 36.761
426 36.3522
427 35.9731
428 35.5823
429 35.1923
430 34.8453
431 34.4664
432 34.1024
433 33.7382
434 33.3765
435 33.015
436 32.6246
437 32.2711
438 32.2515
439 31.9072
440 31.5598
441 31.2281
442 30.8946
443 30.563
444 30.2468
445 29.9226
446 29.6091
447 29.3036
448 28.9881
449 28.6974
450 28.3855
451 28.076
452 27.7691
453 27.4618
454 27.1637
455 26.8671
456 26.5607
457 26.267
458 25.9764
459 25.6645
460 25.3753
461 25.0979
462 24.8039
463 24.5829
464 24.2923
465 24.0146
466 23.7327
467 23.4516
468 23.1744
469 22.9056
470 22.623
471 22.3514
472 22.0782
473 21.8044
474 21.5312
475 21.285
476 21.0543
477 20.7931
478 20.5362
479 20.2816
480 20.0979
481 19.8476
482 19.6117
483 19.3669
484 19.1186
485 18.8753
486 18.6367
487 18.4002
488 18.1786
489 17.953
490 17.7225
491 17.5009
492 17.279
493 17.0612
494 16.8524
495 16.6397
496 16.431
497 16.222
498 16.0121
499 15.8148
500 15.6079
501 15.4081
502 15.2108
503 15.0105
504 14.8094
505 14.6152
506 14.4298
507 14.3933
508 14.1801
509 14.0399
510 13.8577
511 13.6743
512 13.4918
513 13.3085
514 13.122
515 12.9417
516 12.7546
517 12.5752
518 12.3935
519 12.2218
520 12.0497
521 11.8776
522 11.7063
523 11.5361
524 11.3661
525 11.1976
526 11.0324
527 10.8672
528 10.7009
529 10.5347
530 10.3712
531 10.2237
532 10.0661
533 9.91342
534 9.75609
535 9.60512
536 9.45322
537 9.30336
538 9.15609
539 9.01008
540 8.86849
541 8.72611
542 8.58726
543 8.44853
544 8.3209
545 8.18968
546 8.05601
547 7.92639
548 7.79705
549 7.67045
550 7.54045
551 7.41645
552 7.29281
553 7.16942
554 7.05079
555 6.93077
556 6.81114
557 6.69556
558 6.57992
559 6.46746
560 6.35359
561 6.24172
562 6.13044
563 6.01987
564 5.90959
565 5.80269
566 5.69494
567 5.59386
568 5.4875
569 5.38318
570 5.27935
571 5.17948
572 5.07933
573 4.98076
574 4.88733
575 4.79242
576 4.70208
577 4.61054
578 4.5232
579 4.43865
580 4.35387
581 4.27156
582 4.19245
583 4.11412
584 4.03576
585 3.95915
586 3.88701
587 3.81617
588 3.74811
589 3.67985
590 3.61101
591 3.54696
592 3.48308
593 3.42057
594 3.35924
595 3.29975
596 3.24133
597 3.1842
598 3.12836
599 3.0717
600 3.01571
601 2.96021
602 2.90528
603 2.85081
604 2.79717
605 2.74299
606 2.6893
607 2.63629
608 2.58346
609 2.53204
610 2.48364
611 2.43626
612 2.39009
613 2.34472
614 2.29967
615 2.25573
616 2.21194
617 2.17081
618 2.13037
619 2.09031
620 2.05085
621 2.01156
622 1.97216
623 1.93363
624 1.89504
625 1.85673
626 1.81844
627 1.78055
628 1.74323
629 1.70649
630 1.6702
631 1.63525
632 1.60037
633 1.56695
634 1.53416
635 1.50182
636 1.4697
637 1.43785
638 1.4063
639 1.37585
640 1.34618
641 1.3178
642 1.29032
643 1.26527
644 1.24058
645 1.21704
646 1.19385
647 1.17108
648 1.14849
649 1.12671
650 1.10535
651 1.08499
652 1.06473
653 1.04454
654 1.02444
655 1.00438
656 0.984463
657 0.965485
658 0.946638
659 0.92817
660 0.909842
661 0.892158
662 0.874586
663 0.85792
664 0.841608
665 0.825634
666 0.810367
667 0.795716
668 0.781395
669 0.766864
670 0.752428
671 0.738205
672 0.724098
673 0.710198
674 0.696364
675 0.682748
676 0.669829
677 0.656943
678 0.644066
679 0.631301
680 0.618715
681 0.6062
682 0.593812
683 0.581578
684 0.56979
685 0.558069
686 0.546388
687 0.534997
688 0.524035
689 0.513557
690 0.503352
691 0.493719
692 0.484185
693 0.474654
694 0.465291
695 0.456242
696 0.447354
697 0.438775
698 0.430341
699 0.421983
700 0.413633
701 0.405429
702 0.397528
703 0.389768
704 0.382096
705 0.37448
706 0.36691
707 0.359382
708 0.352022
709 0.344734
710 0.33751
711 0.330304
712 0.323182
713 0.316209
714 0.309451
715 0.302738
716 0.296091
717 0.289446
718 0.282904
719 0.276424
720 0.270229
721 0.264061
722 0.257919
723 0.251959
724 0.246114
725 0.24061
726 0.235154
727 0.229698
728 0.224436
729 0.219362
730 0.214313
731 0.209364
732 0.204461
733 0.199596
734 0.194738
735 0.189983
736 0.185247
737 0.180536
738 0.175829
739 0.171147
740 0.166652
741 0.162203
742 0.15837
743 0.15454
744 0.150754
745 0.14704
746 0.143357
747 0.139984
748 0.136623
749 0.133278
750 0.129974
751 0.126698
752 0.123433
753 0.120222
754 0.117014
755 0.113945
756 0.110961
757 0.108026
758 0.105137
759 0.102398
760 0.099688
761 0.0970632
762 0.0944394
763 0.0918232
764 0.0892766
765 0.0867577
766 0.0842446
767 0.0818413
768 0.0795136
769 0.077259
770 0.0750442
771 0.0730028
772 0.070995
773 0.0690086
774 0.0670355
775 0.0650986
776 0.063174
777 0.0612947
778 0.0594943
779 0.0577061
780 0.0559666
781 0.0542818
782 0.0526405
783 0.0510105
784 0.0494122
785 0.047817
786 0.0463084
787 0.0448226
788 0.0433514
789 0.041883
790 0.0404671
791 0.0390894
792 0.037725
793 0.0363805
794 0.035078
795 0.0338436
796 0.0326662
797 0.0315286
798 0.0304132
799 0.0293417
800 0.0282754
801 0.0272396
802 0.0262164
803 0.025204
804 0.0242173
805 0.0232521
806 0.0222948
807 0.021391
808 0.0206883
809 0.0199872
810 0.0193162
811 0.0186715
812 0.0180361
813 0.0174333
814 0.016853
815 0.0162854
816 0.0157423
817 0.0152044
818 0.014676
819 0.0142032
820 0.0137312
821 0.013278
822 0.0128469
823 0.0124192
824 0.0119944
825 0.0115803
826 0.0111662
827 0.0107561
828 0.0103518
829 0.00997239
830 0.00960523
831 0.00925289
832 0.0089128
833 0.00857964
834 0.00828277
835 0.0079903
836 0.00771844
837 0.00745542
838 0.00719869
839 0.00694496
840 0.00669592
841 0.00645914
842 0.00622257
843 0.00599058
844 0.00576893
845 0.00559087
846 0.00542439
847 0.00525994
848 0.00509751
849 0.00493533
850 0.00477361
851 0.00461628
852 0.00446463
853 0.00431388
854 0.00416534
855 0.00402465
856 0.00388619
857 0.00375161
858 0.00361813
859 0.00348624
860 0.00336668
861 0.00325226
862 0.00313866
863 0.00302627
864 0.00291511
865 0.00280857
866 0.00271263
867 0.00261747
868 0.00253203
869 0.00244747
870 0.00236499
871 0.00228325
872 0.00220239
873 0.00212896
874 0.0020592
875 0.00199143
876 0.00192464
877 0.00185812
878 0.00179381
879 0.00173064
880 0.00166855
881 0.00160767
882 0.00155434
883 0.00150506
884 0.00145877
885 0.00141251
886 0.00136672
887 0.00132154
888 0.00127937
889 0.00123746
890 0.00119655
891 0.00115617
892 0.00111618
893 0.00107719
894 0.0010396
895 0.00100205
896 0.000964879
897 0.000929703
898 0.000894636
899 0.000860889
900 0.000828677
901 0.000797299
902 0.000770028
903 0.000742831
904 0.000715667
905 0.000691457
906 0.000667561
907 0.000644004
908 0.000620455
909 0.000598096
910 0.000576172
911 0.000554308
912 0.000532546
913 0.000511662
914 0.000491231
915 0.000471228
916 0.000451843
917 0.000432464
918 0.000414111
919 0.00039592
920 0.000378597
921 0.000361748
922 0.00034619
923 0.000331747
924 0.00031742
925 0.000304927
926 0.000293922
927 0.000283169
928 0.00027269
929 0.000262664
930 0.000252689
931 0.000243181
932 0.000233856
933 0.000224594
934 0.000216484
935 0.00020962
936 0.000202852
937 0.000196255
938 0.00019011
939 0.000183974
940 0.000177877
941 0.000171885
942 0.000166128
943 0.000160428
944 0.000154753
945 0.000149236
946 0.000143894
947 0.000138698
948 0.000133602
949 0.000128665
950 0.000124018
951 0.000119445
952 0.000114876
953 0.000110461
954 0.000106154
955 0.000102142
956 9.81706e-05
957 9.44766e-05
958 9.07919e-05
959 8.71809e-05
960 8.35967e-05
961 8.00502e-05
962 7.67414e-05
963 7.35125e-05
964 7.04916e-05
965 6.7477e-05
966 6.48683e-05
967 6.22642e-05
968 5.97075e-05
969 5.71602e-05
970 5.46495e-05
971 5.22813e-05
972 4.99176e-05
973 4.75592e-05
974 4.5301e-05
975 4.31429e-05
976 4.12535e-05
977 3.94246e-05
978 3.77102e-05
979 3.60149e-05
980 3.43232e-05
981 3.26337e-05
982 3.09967e-05
983 2.94105e-05
984 2.78511e-05
985 2.63955e-05
986 2.50155e-05
987 2.3651e-05
988 2.23879e-05
989 2.11311e-05
990 1.98829e-05
991 1.87806e-05
992 1.77369e-05
993 1.67081e-05
994 1.56947e-05
