0 1
-0.0476311 2.22494
-0.101477 2.55153
-0.161049 2.40265
-0.22556 2.05352
-0.29402 1.67162
-0.365324 1.34815
-0.438308 1.12234
-0.511808 0.999958
-0.584694 0.967002
-0.655908 0.999625
-0.724479 1.07097
-0.789543 1.15565
-0.85035 1.2324
-0.906267 1.28538
-0.956783 1.30451
-1.0015 1.28516
-1.04013 1.22734
-1.0725 1.13479
-1.09851 1.01384
-1.11817 0.872428
-1.13156 0.719127
-1.13881 0.562324
-1.14012 0.409599
-1.13574 0.267255
-1.12595 0.140031
-1.11106 0.0309682
-1.0914 -0.0585739
-1.06732 -0.128798
-1.03916 -0.181254
-1.00727 -0.218562
-0.972002 -0.244099
-0.93369 -0.261679
-0.892656 -0.275228
-0.849209 -0.288499
-0.803637 -0.304816
-0.75621 -0.326874
-0.707178 -0.356595
-0.656768 -0.395041
-0.605185 -0.44239
-0.552614 -0.497962
-0.499218 -0.560304
-0.445142 -0.627309
-0.390511 -0.696376
-0.335434 -0.764587
-0.280003 -0.828901
-0.2243 -0.886343
-0.168392 -0.934192
-0.112338 -0.970142
-0.0561917 -0.992443
0 -1
0.0561917 -0.992443
0.112338 -0.970142
0.168392 -0.934192
0.2243 -0.886343
0.280003 -0.828901
0.335434 -0.764587
0.390511 -0.696376
0.445142 -0.627309
0.499218 -0.560304
0.552614 -0.497962
0.605185 -0.44239
0.656768 -0.395041
0.707178 -0.356595
0.75621 -0.326874
0.803637 -0.304816
0.849209 -0.288499
0.892656 -0.275228
0.93369 -0.261679
0.972002 -0.244099
1.00727 -0.218562
1.03916 -0.181254
1.06732 -0.128798
1.0914 -0.0585739
1.11106 0.0309682
1.12595 0.140031
1.13574 0.267255
1.14012 0.409599
1.13881 0.562324
1.13156 0.719127
1.11817 0.872428
1.09851 1.01384
1.0725 1.13479
1.04013 1.22734
1.0015 1.28516
0.956783 1.30451
0.906267 1.28538
0.85035 1.2324
0.789543 1.15565
0.724479 1.07097
0.655908 0.999625
0.584694 0.967002
0.511808 0.999958
0.438308 1.12234
0.365324 1.34815
0.29402 1.67162
0.22556 2.05352
0.161049 2.40265
0.101477 2.55153
0.0476311 2.22494
-4.44089e-14 1
