0 1
-0.0848828 1.03909
-0.166746 1.07573
-0.245435 1.10906
-0.320807 1.13837
-0.392734 1.16303
-0.4611 1.18252
-0.525802 1.19643
-0.586749 1.20443
-0.643862 1.20628
-0.697074 1.20181
-0.746328 1.19094
-0.791582 1.17365
-0.832799 1.14998
-0.869959 1.12005
-0.903048 1.08401
-0.932063 1.04208
-0.957011 0.994503
-0.97791 0.941589
-0.994785 0.883669
-1.00767 0.821111
-1.01661 0.754311
-1.02166 0.683691
-1.02287 0.609692
-1.02031 0.532774
-1.01407 0.45341
-1.00422 0.372085
-0.990845 0.289288
-0.97405 0.205515
-0.953936 0.121262
-0.930611 0.0370233
-0.90419 -0.0467119
-0.874793 -0.129461
-0.842546 -0.210752
-0.807579 -0.290123
-0.770027 -0.36713
-0.730032 -0.441342
-0.687736 -0.512347
-0.643287 -0.579756
-0.596838 -0.643198
-0.548543 -0.702329
-0.498561 -0.756828
-0.447051 -0.806403
-0.394177 -0.850785
-0.340106 -0.889739
-0.285004 -0.923056
-0.22904 -0.95056
-0.172386 -0.972104
-0.115213 -0.987574
-0.0576932 -0.996889
1.33227e-15 -1
0.0576932 -0.996889
0.115213 -0.987574
0.172386 -0.972104
0.22904 -0.95056
0.285004 -0.923056
0.340106 -0.889739
0.394177 -0.850785
0.447051 -0.806403
0.498561 -0.756828
0.548543 -0.702329
0.596838 -0.643198
0.643287 -0.579756
0.687736 -0.512347
0.730032 -0.441342
0.770027 -0.36713
0.807579 -0.290123
0.842546 -0.210752
0.874793 -0.129461
0.90419 -0.0467119
0.930611 0.0370233
0.953936 0.121262
0.97405 0.205515
0.990845 0.289288
1.00422 0.372085
1.01407 0.45341
1.02031 0.532774
1.02287 0.609692
1.02166 0.683691
1.01661 0.754311
1.00767 0.821111
0.994785 0.883669
0.97791 0.941589
0.957011 0.994503
0.932063 1.04208
0.903048 1.08401
0.869959 1.12005
0.832799 1.14998
0.791582 1.17365
0.746328 1.19094
0.697074 1.20181
0.643862 1.20628
0.586749 1.20443
0.525802 1.19643
0.4611 1.18252
0.392734 1.16303
0.320807 1.13837
0.245435 1.10906
0.166746 1.07573
0.0848828 1.03909
-6.21725e-15 1
