0 1
0.100739 1.04077
0.196483 1.07684
0.287219 1.10777
0.372943 1.13318
0.453659 1.15277
0.529375 1.1663
0.600107 1.17363
0.665878 1.17464
0.726717 1.16932
0.782657 1.15766
0.833739 1.13975
0.880011 1.11571
0.921524 1.08569
0.958337 1.04989
0.990511 1.00857
1.01812 0.961987
1.04123 0.91045
1.05992 0.85429
1.07428 0.79386
1.08439 0.729536
1.09035 0.661711
1.09225 0.590793
1.09019 0.517201
1.08429 0.441366
1.07464 0.363724
1.06137 0.284714
1.04458 0.204781
1.0244 0.124366
1.00096 0.043908
0.974369 -0.0361566
0.944768 -0.1154
0.912287 -0.193403
0.877062 -0.269756
0.839231 -0.344062
0.798934 -0.415939
0.756314 -0.485018
0.711517 -0.550948
0.664688 -0.613398
0.615977 -0.672055
0.565535 -0.726625
0.513514 -0.776839
0.460067 -0.822449
0.40535 -0.863232
0.34952 -0.898986
0.292732 -0.929538
0.235146 -0.95474
0.17692 -0.974469
0.118214 -0.98863
0.0591871 -0.997154
-8.88178e-16 -1
-0.0591871 -0.997154
-0.118214 -0.98863
-0.17692 -0.974469
-0.235146 -0.95474
-0.292732 -0.929538
-0.34952 -0.898986
-0.40535 -0.863232
-0.460067 -0.822449
-0.513514 -0.776839
-0.565535 -0.726625
-0.615977 -0.672055
-0.664688 -0.613398
-0.711517 -0.550948
-0.756314 -0.485018
-0.798934 -0.415939
-0.839231 -0.344062
-0.877062 -0.269756
-0.912287 -0.193403
-0.944768 -0.1154
-0.974369 -0.0361566
-1.00096 0.043908
-1.0244 0.124366
-1.04458 0.204781
-1.06137 0.284714
-1.07464 0.363724
-1.08429 0.441366
-1.09019 0.517201
-1.09225 0.590793
-1.09035 0.661711
-1.08439 0.729536
-1.07428 0.79386
-1.05992 0.85429
-1.04123 0.91045
-1.01812 0.961987
-0.990511 1.00857
-0.958337 1.04989
-0.921524 1.08569
-0.880011 1.11571
-0.833739 1.13975
-0.782657 1.15766
-0.726717 1.16932
-0.665878 1.17464
-0.600107 1.17363
-0.529375 1.1663
-0.453659 1.15277
-0.372943 1.13318
-0.287219 1.10777
-0.196483 1.07684
-0.100739 1.04077
7.10543e-15 1
