0 1
-0.821531 -72.8777
-0.701002 -54.9139
-0.372172 -18.1327
-0.13292 9.42484
-0.0568074 21.7801
-0.118063 22.0527
-0.260294 15.7094
-0.430118 7.5097
-0.590108 0.506558
-0.72058 -3.92633
-0.816169 -5.65168
-0.880784 -5.24626
-0.922817 -3.55992
-0.951488 -1.4124
-0.974535 0.572643
-0.997114 2.02425
-1.02163 2.80709
-1.04817 2.96441
-1.0752 2.64767
-1.10039 2.05087
-1.12131 1.35984
-1.13591 0.720194
-1.14286 0.223051
-1.14164 -0.0947633
-1.13247 -0.240931
-1.11615 -0.252886
-1.09384 -0.182164
-1.06681 -0.0807842
-1.03626 0.00859412
-1.00315 0.0581202
-0.968117 0.056058
-0.931487 0.00481087
-0.893277 -0.0831653
-0.853299 -0.190337
-0.81125 -0.298871
-0.766819 -0.394418
-0.719781 -0.468427
-0.670064 -0.518866
-0.617784 -0.549507
-0.563249 -0.568161
-0.506927 -0.584342
-0.449397 -0.606881
-0.391278 -0.641943
-0.333157 -0.691765
-0.27552 -0.754285
-0.218704 -0.823657
-0.16286 -0.891498
-0.107953 -0.948577
-0.0537767 -0.986638
2.22045e-15 -1
0.0537767 -0.986638
0.107953 -0.948577
0.16286 -0.891498
0.218704 -0.823657
0.27552 -0.754285
0.333157 -0.691765
0.391278 -0.641943
0.449397 -0.606881
0.506927 -0.584342
0.563249 -0.568161
0.617784 -0.549507
0.670064 -0.518866
0.719781 -0.468427
0.766819 -0.394418
0.81125 -0.298871
0.853299 -0.190337
0.893277 -0.0831653
0.931487 0.00481087
0.968117 0.056058
1.00315 0.0581202
1.03626 0.00859412
1.06681 -0.0807842
1.09384 -0.182164
1.11615 -0.252886
1.13247 -0.240931
1.14164 -0.0947633
1.14286 0.223051
1.13591 0.720194
1.12131 1.35984
1.10039 2.05087
1.0752 2.64767
1.04817 2.96441
1.02163 2.80709
0.997114 2.02425
0.974535 0.572643
0.951488 -1.4124
0.922817 -3.55992
0.880784 -5.24626
0.816169 -5.65168
0.72058 -3.92633
0.590108 0.506558
0.430118 7.5097
0.260294 15.7094
0.118063 22.0527
0.0568074 21.7801
0.13292 9.42484
0.372172 -18.1327
0.701002 -54.9139
0.821531 -72.8777
-4.71267e-12 1
