0 1
0.574791 -2.41029
-0.772198 6.73464
-1.48229 11.7628
-1.23473 10.5982
-0.462173 6.05575
0.342408 1.32725
0.876621 -1.64232
1.05706 -2.32956
0.955844 -1.21411
0.716996 0.76574
0.487172 2.66119
0.372489 3.78934
0.421189 3.84179
0.626036 2.8661
0.938767 1.17055
1.28949 -0.801413
1.60559 -2.59244
1.82672 -3.82599
1.9142 -4.26465
1.85464 -3.83129
1.65859 -2.59859
1.35562 -0.756214
0.987349 1.43441
0.599864 3.68807
0.23683 5.73893
-0.0659628 7.37383
-0.284087 8.45275
-0.405939 8.91635
-0.432329 8.78168
-0.374585 8.129
-0.251675 7.0827
-0.0868619 5.78995
0.095621 4.39998
0.273474 3.04659
0.428534 1.83531
0.548138 0.83625
0.625606 0.0823656
0.659945 -0.427392
0.654922 -0.721288
0.617726 -0.845796
0.557446 -0.855854
0.483577 -0.805764
0.404736 -0.741795
0.327727 -0.697228
0.257005 -0.690137
0.19456 -0.723809
0.140177 -0.789384
0.0919632 -0.870014
0.0470568 -0.945731
0.0023645 -0.998187
-0.0447717 -1.01452
-0.0960808 -0.989787
-0.152101 -0.927689
-0.212171 -0.839524
-0.274661 -0.741669
-0.337376 -0.652056
-0.398066 -0.586278
-0.454938 -0.554047
-0.50707 -0.556649
-0.55466 -0.585918
-0.599041 -0.625008
-0.642455 -0.650965
-0.687614 -0.638782
-0.737106 -0.566334
-0.792755 -0.419387
-0.855049 -0.195737
-0.922761 0.0923984
-0.992865 0.418476
-1.06082 0.744577
-1.12122 1.02715
-1.16872 1.22494
-1.19921 1.30798
-1.21086 1.26601
-1.20499 1.11459
-1.18637 0.89695
-1.16282 0.68013
-1.14404 0.544821
-1.13956 0.569205
-1.1562 0.808771
-1.19539 1.27555
-1.25101 1.92165
-1.30846 2.63289
-1.3458 3.23822
-1.33749 3.53924
-1.26093 3.36048
-1.10513 2.61592
-0.880018 1.37908
-0.623437 -0.064655
-0.401928 -1.21417
-0.300266 -1.43372
-0.395161 -0.153445
-0.710716 2.79409
-1.15918 6.7293
-1.48228 9.68918
-1.22895 8.26921
0.160948 -1.73601
3.04508 -22.985
6.83905 -51.0469
8.53466 -63.3352
8.13749e-11 1
