0 1
-0.0513877 1.14235
-0.104392 1.26063
-0.158497 1.35656
-0.213216 1.43179
-0.268094 1.48786
-0.322702 1.52628
-0.37664 1.54846
-0.429535 1.55576
-0.481043 1.54945
-0.530842 1.53076
-0.578638 1.50085
-0.624163 1.46082
-0.667171 1.41171
-0.707441 1.35453
-0.744773 1.2902
-0.778993 1.21961
-0.809946 1.14362
-0.837498 1.063
-0.861538 0.978516
-0.881971 0.890872
-0.898726 0.800736
-0.911747 0.708739
-0.920997 0.615471
-0.926457 0.52149
-0.928125 0.427318
-0.926014 0.333447
-0.920154 0.240335
-0.910588 0.148414
-0.897376 0.0580851
-0.880589 -0.0302767
-0.860312 -0.116321
-0.836644 -0.199724
-0.809693 -0.280183
-0.77958 -0.357419
-0.746437 -0.431174
-0.710404 -0.50121
-0.671633 -0.567308
-0.630282 -0.629269
-0.586519 -0.686912
-0.540518 -0.740071
-0.492462 -0.788599
-0.442538 -0.832363
-0.390939 -0.871247
-0.337864 -0.905148
-0.283516 -0.93398
-0.228101 -0.957668
-0.171829 -0.976154
-0.114912 -0.989391
-0.057564 -0.997346
1.9984e-15 -1
0.057564 -0.997346
0.114912 -0.989391
0.171829 -0.976154
0.228101 -0.957668
0.283516 -0.93398
0.337864 -0.905148
0.390939 -0.871247
0.442538 -0.832363
0.492462 -0.788599
0.540518 -0.740071
0.586519 -0.686912
0.630282 -0.629269
0.671633 -0.567308
0.710404 -0.50121
0.746437 -0.431174
0.77958 -0.357419
0.809693 -0.280183
0.836644 -0.199724
0.860312 -0.116321
0.880589 -0.0302767
0.897376 0.0580851
0.910588 0.148414
0.920154 0.240335
0.926014 0.333447
0.928125 0.427318
0.926457 0.52149
0.920997 0.615471
0.911747 0.708739
0.898726 0.800736
0.881971 0.890872
0.861538 0.978516
0.837498 1.063
0.809946 1.14362
0.778993 1.21961
0.744773 1.2902
0.707441 1.35453
0.667171 1.41171
0.624163 1.46082
0.578638 1.50085
0.530842 1.53076
0.481043 1.54945
0.429535 1.55576
0.37664 1.54846
0.322702 1.52628
0.268094 1.48786
0.213216 1.43179
0.158497 1.35656
0.104392 1.26063
0.0513877 1.14235
7.99361e-15 1
