0 1
83.8445 70.7452
83.2782 70.4523
55.7614 47.6388
27.3232 23.9341
7.14552 7.03738
-3.7246 -2.1174
-7.46419 -5.30409
-6.93227 -4.89199
-4.53695 -2.89468
-1.88433 -0.667209
0.183327 1.07092
1.39394 2.07975
1.82445 2.41689
1.71374 2.2812
1.33115 1.90147
0.900072 1.47034
0.566018 1.11541
0.395128 0.896411
0.390081 0.817608
0.512892 0.846718
0.707382 0.934201
0.917145 1.02919
1.09728 1.09034
1.21994 1.09152
1.2748 1.02288
1.266 0.88883
1.20739 0.703997
1.11719 0.488531
1.01352 0.263704
0.911077 0.0483912
0.819372 -0.143234
0.742413 -0.302742
0.679482 -0.427394
0.626633 -0.519264
0.578454 -0.583856
0.529725 -0.628549
0.476688 -0.661115
0.417764 -0.68852
0.353698 -0.716102
0.287189 -0.74716
0.222152 -0.782918
0.1628 -0.822785
0.112737 -0.864815
0.0742207 -0.906241
0.0477158 -0.944019
0.0317982 -0.975288
0.0233974 -0.997711
0.0183207 -1.00969
0.0119521 -1.01044
-3.1225e-15 -1
-0.0208335 -0.979101
-0.0523739 -0.949078
-0.0947591 -0.911706
-0.146519 -0.869049
-0.204927 -0.823308
-0.266565 -0.77665
-0.327988 -0.73102
-0.386383 -0.687933
-0.440097 -0.648235
-0.488923 -0.611867
-0.534108 -0.577668
-0.578041 -0.543262
-0.623684 -0.505088
-0.673846 -0.458649
-0.730414 -0.39899
-0.79373 -0.321436
-0.862235 -0.222537
-0.932509 -0.101121
-0.99975 0.0407161
-1.05865 0.196887
-1.10454 0.357112
-1.13456 0.507477
-1.14857 0.63194
-1.14956 0.714823
-1.14314 0.744195
-1.13622 0.715743
-1.13475 0.636501
-1.14095 0.527498
-1.15077 0.424206
-1.15229 0.373586
-1.1263 0.426738
-1.04999 0.62669
-0.904363 0.991855
-0.685081 1.49719
-0.415242 2.05708
-0.156586 2.51638
-0.0135341 2.65832
-0.122281 2.2399
-0.615851 1.06524
-1.55671 -0.895969
-2.83336 -3.34733
-4.02901 -5.48319
-4.29363 -5.84018
-2.29096 -2.29379
3.6421 7.60196
14.8838 25.6033
31.0698 50.5748
47.1728 74.3061
48.1817 74.1798
1.95058e-10 1
