0 1
-0.0628531 0.959365
-0.11829 0.917586
-0.166623 0.874847
-0.208159 0.831327
-0.2432 0.7872
-0.272044 0.742636
-0.294981 0.697797
-0.3123 0.652844
-0.32428 0.607928
-0.3312 0.5632
-0.33333 0.518802
-0.330936 0.474872
-0.32428 0.431544
-0.313618 0.388946
-0.2992 0.3472
-0.281272 0.306424
-0.260076 0.266732
-0.235845 0.228229
-0.208812 0.19102
-0.1792 0.1552
-0.147231 0.120863
-0.113119 0.0880947
-0.0770739 0.0569779
-0.0393011 0.0275891
2.22045e-16 0
0.0406349 -0.0257229
0.0824141 -0.0495181
0.125153 -0.0713293
0.168673 -0.0911053
0.2128 -0.1088
0.257364 -0.124372
0.302203 -0.137787
0.347156 -0.149012
0.392072 -0.158024
0.4368 -0.1648
0.481198 -0.169326
0.525128 -0.171592
0.568456 -0.171592
0.611054 -0.169326
0.6528 -0.1648
0.693576 -0.158024
0.733268 -0.149012
0.771771 -0.137787
0.80898 -0.124372
0.8448 -0.1088
0.879137 -0.0911053
0.911905 -0.0713293
0.943022 -0.0495181
0.972411 -0.0257229
1 6.66134e-16
1.02572 0.0275891
1.04952 0.0569779
1.07133 0.0880947
1.09111 0.120863
1.1088 0.1552
1.12437 0.19102
1.13779 0.228229
1.14901 0.266732
1.15802 0.306424
1.1648 0.3472
1.16933 0.388946
1.17159 0.431544
1.17159 0.474872
1.16933 0.518802
1.1648 0.5632
1.15802 0.607928
1.14901 0.652844
1.13779 0.697797
1.12437 0.742636
1.1088 0.7872
1.09111 0.831327
1.07133 0.874847
1.04952 0.917586
1.02572 0.959365
1 1
0.972411 1.0393
0.943022 1.07707
0.911905 1.11312
0.879137 1.14723
0.8448 1.1792
0.80898 1.20881
0.771771 1.23585
0.733268 1.26008
0.693576 1.28127
0.6528 1.2992
0.611054 1.31362
0.568456 1.32428
0.525128 1.33094
0.481198 1.33333
0.4368 1.3312
0.392072 1.32428
0.347156 1.3123
0.302203 1.29498
0.257364 1.27204
0.2128 1.2432
0.168673 1.20816
0.125153 1.16662
0.0824141 1.11829
0.0406349 1.06285
-2.66454e-15 1
