0 1
0.583733 -65.5534
0.580362 -64.5955
0.357699 -42.5319
0.101342 -20.0692
-0.110984 -4.31448
-0.260531 4.07751
-0.356694 6.93142
-0.418682 6.5335
-0.465556 4.76007
-0.511674 2.83
-0.565392 1.35853
-0.629581 0.524371
-0.70297 0.249316
-0.781719 0.344532
-0.86086 0.60929
-0.935433 0.885029
-1.00126 1.07495
-1.05538 1.14111
-1.09616 1.08974
-1.12325 0.952845
-1.13734 0.77146
-1.13984 0.583265
-1.13259 0.415386
-1.11757 0.281953
-1.09665 0.185197
-1.07141 0.118694
-1.04307 0.0714125
-1.01242 0.0315252
-0.979873 -0.0107049
-0.94553 -0.0612604
-0.909253 -0.121936
-0.870783 -0.190905
-0.829839 -0.263941
-0.786204 -0.335903
-0.7398 -0.402136
-0.690722 -0.45953
-0.639257 -0.507081
-0.585872 -0.545921
-0.53118 -0.578887
-0.475892 -0.60976
-0.420749 -0.642366
-0.366465 -0.679705
-0.313658 -0.723282
-0.262798 -0.772745
-0.214169 -0.825879
-0.167845 -0.878945
-0.123685 -0.927287
-0.081349 -0.966113
-0.0403297 -0.991282
-3.2474e-15 -1
0.0403297 -0.991282
0.081349 -0.966113
0.123685 -0.927287
0.167845 -0.878945
0.214169 -0.825879
0.262798 -0.772745
0.313658 -0.723282
0.366465 -0.679705
0.420749 -0.642366
0.475892 -0.60976
0.53118 -0.578887
0.585872 -0.545921
0.639257 -0.507081
0.690722 -0.45953
0.7398 -0.402136
0.786204 -0.335903
0.829839 -0.263941
0.870783 -0.190905
0.909253 -0.121936
0.94553 -0.0612604
0.979873 -0.0107049
1.01242 0.0315252
1.04307 0.0714125
1.07141 0.118694
1.09665 0.185197
1.11757 0.281953
1.13259 0.415386
1.13984 0.583265
1.13734 0.77146
1.12325 0.952845
1.09616 1.08974
1.05538 1.14111
1.00126 1.07495
0.935433 0.885029
0.86086 0.60929
0.781719 0.344532
0.70297 0.249316
0.629581 0.524371
0.565392 1.35853
0.511674 2.83
0.465556 4.76007
0.418682 6.5335
0.356694 6.93142
0.260531 4.07751
0.110984 -4.31448
-0.101342 -20.0692
-0.357699 -42.5319
-0.580362 -64.5955
-0.583733 -65.5534
2.40628e-11 1
