0 1
-0.66378 4.83807
-0.959574 6.21852
-1.02269 6.15312
-0.952041 5.33805
-0.817718 4.23207
-0.667289 3.11915
-0.531048 2.15785
-0.426327 1.41994
-0.360995 0.919845
-0.336272 0.636812
-0.348957 0.531115
-0.393152 0.555472
-0.461579 0.662749
-0.546546 0.810779
-0.640634 0.965012
-0.737154 1.09957
-0.830424 1.19722
-0.915904 1.24854
-0.990223 1.25076
-1.05113 1.20628
-1.0974 1.12125
-1.12868 1.0041
-1.14535 0.864385
-1.14834 0.711725
-1.139 0.555
-1.11894 0.401793
-1.0899 0.258038
-1.05362 0.127869
-1.0118 0.0136227
-0.965973 -0.0840098
-0.917496 -0.165748
-0.867501 -0.233417
-0.816887 -0.289606
-0.766321 -0.337331
-0.716253 -0.379709
-0.666937 -0.41967
-0.618462 -0.45972
-0.570785 -0.50177
-0.523767 -0.54702
-0.477207 -0.595916
-0.430875 -0.648162
-0.384542 -0.70279
-0.338002 -0.758275
-0.291093 -0.812681
-0.243707 -0.863835
-0.195796 -0.909503
-0.147377 -0.947569
-0.0985206 -0.976198
-0.0493445 -0.993973
0 -1
0.0493445 -0.993973
0.0985206 -0.976198
0.147377 -0.947569
0.195796 -0.909503
0.243707 -0.863835
0.291093 -0.812681
0.338002 -0.758275
0.384542 -0.70279
0.430875 -0.648162
0.477207 -0.595916
0.523767 -0.54702
0.570785 -0.50177
0.618462 -0.45972
0.666937 -0.41967
0.716253 -0.379709
0.766321 -0.337331
0.816887 -0.289606
0.867501 -0.233417
0.917496 -0.165748
0.965973 -0.0840098
1.0118 0.0136227
1.05362 0.127869
1.0899 0.258038
1.11894 0.401793
1.139 0.555
1.14834 0.711725
1.14535 0.864385
1.12868 1.0041
1.0974 1.12125
1.05113 1.20628
0.990223 1.25076
0.915904 1.24854
0.830424 1.19722
0.737154 1.09957
0.640634 0.965012
0.546546 0.810779
0.461579 0.662749
0.393152 0.555472
0.348957 0.531115
0.336272 0.636812
0.360995 0.919845
0.426327 1.41994
0.531048 2.15785
0.667289 3.11915
0.817718 4.23207
0.952041 5.33805
1.02269 6.15312
0.959574 6.21852
0.66378 4.83807
-3.9968e-14 1
